1581182560 18072
1581345968 18064
1581346203 17972
1581347530 17972
1581420798 17972
1581420829 17973
1581421116 1086
1581421446 1085
1581431560 1084
1581521751 13733
1581524092 13744
1581562623 13882
1581563010 13883
1581599861 13883
1581610891 13883
1581610941 13884
1581613235 13884
1581785197 13884
1581814615 13844
1581814953 1448
1581814997 1449
1581815276 1449
1581817080 1452
1583083751 1471
1583088728 1438
1583329798 1439
1583331640 1441
1583335353 1493
1583336060 1493
1583344552 1429
1583344935 1399
1583358427 18809
1583421000 18812
1583433682 18630
1583507089 18651
1583507150 1611
1583595824 1653
1583705603 1716
1583713420 1710
1583762928 1738
1583843657 1765
1583876165 1779
1583890062 2070
1583890158 2070
1583891377 2094
1584028162 2148
